NObsHLI <- 83
NObsHLII <- 618
NDaysHLI <- 22
NDaysHLII <- 104
RepSlopeVecHLI <-
c(0.191171802, 1.402490922, 0.878696936, 0.326202292, 0.417299746, 0.434418315, 0.41007759, 0.913419839, 0.309595319, 0.161385782, 0.311788245, 0.411378247, 0.19834651, 0.191337695, 0.239460712, 0.172515888, 0.94724644, 0.54391529, 0.361603996, 0.303781865, 0.249724911, 0.944828054, 0.722505635, 0.314581868, 0.307435764, 0.318825461, 0.412420381, 1.028955273, 0.547188558, 0.377713767, 0.375527474, 0.491264163, 0.576423683, 0.398616412, 0.362186495, 0.669224917, 0.802070421, 0.285435974, 0.172085518, 1.430794681, 0.142371239, 0.278632503, 0.199187304, 0.404579606, 0.769035897, 0.286873002, 0.298930447, 0.764406641, 1.086703527, 1.096030387, 0.294741762, 0.239171673, 0.787090332, 0.883347844, 1.179520534, 1.134598315, 1.111973706, 0.204394914, 0.158315315, 0.699975115, 1.086713479, 0.827809195, 1.16755481, 0.213469779, 0.25825767, 0.060581311, 0.233346818, 0.665450346, 0.747857435, 0.731392015, 0.222089303, 0.126077404, 0.290930827, 0.767744015, 0.565081946, 0.80502434, 0.180562729, 0.339099673, 0.169040123, 0.331713631, 0.563803655, 0.179222528, 0.089994216)
RepSlopeVecHLII <-
c(0.03879307, 0.25198436, 0.242743075, 0.057743436, 0.046752375, 0.073242876, 0.051014968, 0.456625633, 0.217013264, 0.133729326, 0.082528307, 0.067544087, 0.131907162, 0.039010175, 0.08009438, 0.085625873, 0.121402323, 0.276502577, 0.091806619, 0.053938453, 0.026305727, 0.05950413, 0.105583933, 0.230175837, 0.040245556, 0.040487124, 0.040783544, 0.191887379, 0.31684689, 0.102430577, 0.142075754, 0.055836333, 0.315881675, 0.157222464, 0.040943642, 0.070799094, 0.050571069, 0.389593165, 0.107538402, 0.031996765, 0.087737593, 0.05435338, 0.095628832, 0.311995934, 0.104019884, 0.081697734, 0.107246513, 0.108990262, 0.073753513, 0.361868103, 0.105807488, 0.112027017, 0.085537591, 0.0510987, 0.376649164, 0.13070283, 0.053077735, 0.039274713, 0.125459166, 0.271295174, 0.08516343, 0.060729345, 0.03760401, 0.041321618, 0.139487155, 0.252371685, 0.049692517, 0.089722604, 0.086321555, 0.030323543, 0.068103431, 0.360482841, 0.096674109, 0.005145293, 0.062161918, 0.369138367, 0.204065497, 0.055457799, 0.057638266, 0.036843601, 0.067623666, 0.171964109, 0.245008544, 0.040746337, 0.036326573, 0.042770164, 0.059645153, 0.123040579, 0.273804419, 0.210385212, 0.032893919, 0.039095587, 0.021023842, 0.310216702, 0.305170397, 0.059558215, 0.088751254, 0.052274726, 0.261364206, 0.174514553, 0.06262308, 0.094811043, 0.044239918, 0.079458173, 0.083939065, 0.045313127, 0.290819858, 0.156338071, 0.069696817, 0.057018419, 0.033124754, 0.090405063, 0.268790217, 0.063929058, 0.051923774, 0.037908896, 0.073010598, 0.143552376, 0.227865865, 0.078725212, 0.052692127, 0.060334669, 0.040357605, 0.228004731, 0.245555405, 0.076656144, 0.057287697, 0.093573498, 0.094311399, 0.279812042, 0.091871353, 0.091557767, 0.071156311, 0.058896844, 0.105932399, 0.400113551, 0.08288342, 0.053679898, 0.045282845, 0.045486996, 0.066743401, 0.369098977, 0.116260399, 0.077477702, 0.071011582, 0.043075399, 0.053100412, 0.097781427, 0.061507936, 0.05902585, 0.059219259, 0.080119766, 0.356850614, 0.102779066, 0.042702294, 0.091413256, 0.068691841, 0.070181065, 0.31526631, 0.155716578, 0.079614356, 0.091250301, 0.065911355, 0.07135989, 0.202466618, 0.152570077, 0.046366322, 0.057736059, 0.213240971, 0.1825308, 0.070416886, 0.028031563, 0.026982492, 0.111032604, 0.356487522, 0.090108768, 0.034994639, 0.042790887, 0.062739457, 0.088437558, 0.15907113, 0.046766542, 0.018575418, 0.025513283, 0.30744427, 0.13427162, 0.072987248, 0.048970022, 0.008219763, 0.039615055, 0.046791457, 0.108843689, 0.241070583, 0.097907971, 0.076938039, 0.054383253, 0.083733196, 0.264185722, 0.179240826, 0.056014952, 0.057484065, 0.064673444, 0.0929806, 0.251577147, 0.102598751, 0.055949942, 0.06406961, 0.078221989, 0.208461066, 0.145869773, 0.002260491, 0.042274097, 0.059490364, 0.172912494, 0.198620785, 0.059819317, 0.053374734, 0.055531519, 0.047634541, 0.0240938, 0.198911453, 0.106926284, 0.054085428, 0.031253391, 0.12255941, 0.016322741, 0.224797777, 0.139062518, 0.084053853, 0.028928324, 0.058394445, 0.184993923, 0.051842294, 0.051953685, 0.189389546, 0.044556717, 0.0377315, 0.053372844, 0.20703231, 0.153247129, 0.057878737, 0.050046275, 0.059495465, 0.066888964, 0.074382171, 0.262818714, 0.139564861, 0.044424645, 0.025147641, 0.052280424, 0.050351103, 0.248325137, 0.052518723, 0.139277408, 0.046496529, 0.041686215, 0.047994829, 0.049929624, 0.060070241, 0.326129387, 0.089416609, 0.041629885, 0.049448178, 0.046325277, 0.066740255, 0.050088847, 0.049700778, 0.058323876, 0.04743148, 0.053107579, 0.244502791, 0.080768993, 0.033368854, 0.097090024, 0.017355721, 0.096098813, 0.039958844, 0.040170971, 0.065777383, 0.033225987, 0.07451794, 0.02962151, 0.054137014, 0.223414482, 0.085611999, 0.041328714, 0.028167747, 0.055359019, 0.280352928, 0.160917904, 0.042052081, 0.022474358, 0.036070997, 0.029162557, 0.030975101, 0.259494084, 0.130604769, 0.055375965, 0.034339227, 0.025810279, 0.048222489, 0.039217182, 0.052978281, 0.215333418, 0.203680825, 0.052203077, 0.04285088, 0.029171982, 0.053982758, 0.051456249, 0.086079802, 0.337477785, 0.117399396, 0.061983516, 0.053505341, 0.061372738, 0.03229919, 0.049670976, 0.152825575, 0.068463369, 0.049305717, 0.045519684, 0.056246047, 0.048587809, 0.427855517, 0.039638288, 0.27079814, 0.095689402, 0.056405838, 0.069924085, 0.048065404, 0.053964901, 0.038707504, 0.166038751, 0.148973765, 0.051558643, 0.04056487, 0.051023546, 0.040447473, 0.043256418, 0.0434083, 0.120641225, 0.379934382, 0.172489441, 0.055261469, 0.071925358, 0.01785843, 0.040888369, 0.033923232, 0.036578459, 0.030359621, 0.204765248, 0.15313538, 0.111951345, 0.078745588, 0.049720348, 0.046738102, 0.050289286, 0.387003937, 0.176086496, 0.10107807, 0.059762251, 0.063855354, 0.053011176, 0.197568577, 0.17573669, 0.048316589, 0.125029725, 0.05389758, 0.018892921, 0.054927445, 0.060471073, 0.064474699, 0.227444509, 0.061532482, 0.06056173, 0.189079493, 0.072612127, 0.133762055, 0.039220028, 0.0615517, 0.050408592, 0.047347376, 0.054242593, 0.077275989, 0.058729296, 0.068637459, 0.359540522, 0.142745007, 0.047625822, 0.064461093, 0.041048653, 0.056715629, 0.068837932, 0.048390487, 0.346226312, 0.217216391, 0.063780087, 0.056767694, 0.062668011, 0.052096112, 0.040238128, 0.388581877, 0.161241095, 0.083467566, 0.195704971, 0.058872669, 0.055634853, 0.062599248, 0.147971808, 0.397809975, 0.164472304, 0.08305162, 0.070069884, 0.067158258, 0.037689921, 0.039669681, 0.328893976, 0.058088633, 0.440866426, 0.082303233, 0.402451625, 0.210176416, 0.352039346, 0.043582705, 0.071805369, 0.03427378, 0.165935382, 0.070310504, 0.152966085, 0.15321751, 0.04263227, 0.281252275, 0.230310554, 0.043387093, 0.063218872, 0.037863908, 0.016854083, 0.131437283, 0.176087708, 0.042326505, 0.014960991, 0.02177428, 0.051756852, 0.024253598, 0.013893035, 0.055268906, 0.056595631, 0.087570823, 0.053190305, 0.0278913, 0.052158719, 0.062045454, 0.032463714, 0.053364077, 0.001761303, 0.01948331, 0.073566136, 0.046637588, 0.010488678, 0.013627709, 0.003736441, 0.019665391, 0.026402832, 0.104848477, 0.132386913, 0.012033766, 0.015915697, 0.029471682, 0.039801135, 0.057670218, 0.055360034, 0.039214127, 0.039243273, 0.088054462, 0.070290206, 0.197189473, 0.076678632, 0.045283613, 0.048141241, 0.029239432, 0.057325565, 0.002252702, 0.083754091, 0.05760704, 0.314289242, 0.315196463, 0.039285387, 0.042881734, 0.16673765, 0.029373814, 0.048173558, 0.042381195, 0.049606048, 0.222610025, 0.211687739, 0.160821782, 0.056747609, 0.045763785, 0.048710947, 0.051745907, 0.056850313, 0.049570877, 0.048067446, 0.052352133, 0.051402326, 0.485961936, 0.439920325, 0.294640431, 0.24635724, 0.236488191, 0.060721401, 0.029736444, 0.059455983, 0.029242921, 0.104325745, 0.459451639, 0.473038885, 0.352242224, 0.256847533, 0.260412417, 0.020535027, 0.135196717, 0.041594354, 0.08254136, 0.041313498, 0.023184533, 0.036299106, 0.039647677, 